# r[arcsec] log(M), log(M-3sigma), log(M+3sigma)
    0.319  6.4760923  5.9937358  6.7413931
    0.327  6.4760923  5.9937363  6.7413931
    0.335  6.4760923  5.9937367  6.7413931
    0.344  6.4760923  5.9937372  6.7413931
    0.353  6.4760928  5.9937377  6.7413931
    0.362  6.4760928  5.9937382  6.7413931
    0.371  6.4760928  5.9937391  6.7413936
    0.381  6.4760933  5.9937396  6.7413936
    0.390  6.4760933  5.9937406  6.7413936
    0.400  6.4760933  5.9937410  6.7413936
    0.411  6.4760938  5.9937420  6.7413936
    0.421  6.4760938  5.9937429  6.7413936
    0.432  6.4760942  5.9937439  6.7413940
    0.443  6.4760947  5.9937449  6.7413940
    0.454  6.4760947  5.9937458  6.7413940
    0.466  6.4760952  5.9937472  6.7413940
    0.478  6.4760957  5.9937487  6.7413945
    0.490  6.4760957  5.9937501  6.7413945
    0.503  6.4760962  5.9937515  6.7413945
    0.516  6.4760966  5.9937530  6.7413950
    0.529  6.4760971  5.9937549  6.7413950
    0.542  6.4760976  5.9937568  6.7413950
    0.556  6.4760981  5.9937587  6.7413955
    0.570  6.4760985  5.9937611  6.7413955
    0.585  6.4760995  5.9937634  6.7413960
    0.600  6.4761000  5.9937663  6.7413960
    0.615  6.4761009  5.9937687  6.7413964
    0.631  6.4761014  5.9937720  6.7413964
    0.647  6.4761024  5.9937749  6.7413969
    0.664  6.4761033  5.9937787  6.7413974
    0.681  6.4761043  5.9937825  6.7413979
    0.698  6.4761052  5.9937863  6.7413983
    0.716  6.4761066  5.9937906  6.7413988
    0.734  6.4761076  5.9937954  6.7413993
    0.753  6.4761090  5.9938006  6.7413998
    0.773  6.4761105  5.9938059  6.7414002
    0.792  6.4761119  5.9938116  6.7414007
    0.813  6.4761138  5.9938183  6.7414012
    0.833  6.4761157  5.9938250  6.7414021
    0.855  6.4761176  5.9938321  6.7414026
    0.877  6.4761195  5.9938402  6.7414036
    0.899  6.4761219  5.9938488  6.7414045
    0.922  6.4761243  5.9938579  6.7414055
    0.946  6.4761267  5.9938679  6.7414064
    0.970  6.4761295  5.9938784  6.7414074
    0.995  6.4761324  5.9938898  6.7414088
    1.020  6.4761357  5.9939022  6.7414098
    1.046  6.4761395  5.9939156  6.7414112
    1.073  6.4761429  5.9939299  6.7414126
    1.100  6.4761472  5.9939451  6.7414141
    1.129  6.4761515  5.9939618  6.7414160
    1.158  6.4761562  5.9939799  6.7414179
    1.187  6.4761615  5.9939990  6.7414198
    1.218  6.4761667  5.9940200  6.7414217
    1.249  6.4761724  5.9940424  6.7414241
    1.281  6.4761791  5.9940662  6.7414265
    1.313  6.4761858  5.9940920  6.7414293
    1.347  6.4761930  5.9941201  6.7414322
    1.382  6.4762011  5.9941502  6.7414351
    1.417  6.4762092  5.9941826  6.7414384
    1.453  6.4762187  5.9942174  6.7414417
    1.490  6.4762282  5.9942551  6.7414455
    1.528  6.4762392  5.9942956  6.7414498
    1.568  6.4762506  5.9943390  6.7414541
    1.608  6.4762626  5.9943857  6.7414589
    1.649  6.4762759  5.9944363  6.7414641
    1.691  6.4762902  5.9944906  6.7414699
    1.734  6.4763055  5.9945488  6.7414756
    1.779  6.4763222  5.9946117  6.7414818
    1.824  6.4763398  5.9946795  6.7414889
    1.871  6.4763589  5.9947524  6.7414961
    1.919  6.4763794  5.9948306  6.7415042
    1.968  6.4764018  5.9949150  6.7415128
    2.018  6.4764252  5.9950061  6.7415218
    2.070  6.4764509  5.9951038  6.7415318
    2.123  6.4764786  5.9952087  6.7415428
    2.177  6.4765081  5.9953218  6.7415543
    2.233  6.4765401  5.9954433  6.7415667
    2.290  6.4765744  5.9955745  6.7415795
    2.349  6.4766116  5.9957151  6.7415943
    2.409  6.4766512  5.9958663  6.7416096
    2.471  6.4766936  5.9960289  6.7416263
    2.534  6.4767399  5.9962039  6.7416439
    2.599  6.4767890  5.9963918  6.7416630
    2.665  6.4768419  5.9965940  6.7416835
    2.733  6.4768991  5.9968114  6.7417059
    2.803  6.4769607  5.9970446  6.7417297
    2.875  6.4770265  5.9972949  6.7417550
    2.949  6.4770970  5.9975643  6.7417827
    3.024  6.4771729  5.9978533  6.7418122
    3.102  6.4772544  5.9981637  6.7418437
    3.181  6.4773421  5.9984970  6.7418780
    3.262  6.4774361  5.9988542  6.7419143
    3.346  6.4775372  5.9992380  6.7419538
    3.432  6.4776454  5.9996490  6.7419958
    3.519  6.4777613  6.0000901  6.7420411
    3.610  6.4778857  6.0005631  6.7420893
    3.702  6.4780192  6.0010700  6.7421417
    3.797  6.4781628  6.0016127  6.7421975
    3.894  6.4783158  6.0021944  6.7422571
    3.994  6.4784799  6.0028167  6.7423210
    4.096  6.4786558  6.0034828  6.7423902
    4.201  6.4788442  6.0041957  6.7424636
    4.308  6.4790459  6.0049582  6.7425423
    4.418  6.4792614  6.0057731  6.7426267
    4.531  6.4794922  6.0066438  6.7427168
    4.647  6.4797387  6.0075741  6.7428136
    4.766  6.4800019  6.0085669  6.7429171
    4.888  6.4802833  6.0096264  6.7430272
    5.014  6.4805841  6.0107565  6.7431455
    5.142  6.4809046  6.0119615  6.7432718
    5.273  6.4812469  6.0132451  6.7434063
    5.408  6.4816122  6.0146122  6.7435503
    5.547  6.4820013  6.0160675  6.7437038
    5.689  6.4824157  6.0176153  6.7438674
    5.834  6.4828572  6.0192604  6.7440419
    5.984  6.4833279  6.0210085  6.7442279
    6.137  6.4838281  6.0228648  6.7444263
    6.294  6.4843602  6.0248346  6.7446375
    6.455  6.4849257  6.0269232  6.7448621
    6.620  6.4855270  6.0291362  6.7451015
    6.790  6.4861655  6.0314798  6.7453561
    6.964  6.4868431  6.0339599  6.7456264
    7.142  6.4875617  6.0365825  6.7459140
    7.325  6.4883242  6.0393534  6.7462192
    7.512  6.4891319  6.0422783  6.7465429
    7.704  6.4899874  6.0453644  6.7468867
    7.902  6.4908934  6.0486174  6.7472515
    8.104  6.4918518  6.0520434  6.7476382
    8.311  6.4928656  6.0556488  6.7480478
    8.524  6.4939365  6.0594397  6.7484818
    8.742  6.4950681  6.0634217  6.7489409
    8.966  6.4962621  6.0676007  6.7494268
    9.195  6.4975224  6.0719829  6.7499409
    9.431  6.4988508  6.0765729  6.7504835
    9.672  6.5002503  6.0813766  6.7510571
    9.920  6.5017242  6.0863991  6.7516623
   10.174  6.5032754  6.0916438  6.7523012
   10.434  6.5049062  6.0971165  6.7529745
   10.701  6.5066199  6.1028190  6.7536840
   10.975  6.5084200  6.1087561  6.7544312
   11.256  6.5103083  6.1149297  6.7552176
   11.544  6.5122881  6.1213412  6.7560444
   11.840  6.5143628  6.1279931  6.7569132
   12.143  6.5165339  6.1348853  6.7578259
   12.453  6.5188050  6.1420178  6.7587833
   12.772  6.5211778  6.1493893  6.7597871
   13.099  6.5236549  6.1569982  6.7608385
   13.434  6.5262380  6.1648412  6.7620173
   13.778  6.5289292  6.1729150  6.7637949
   14.131  6.5317297  6.1812143  6.7656507
   14.493  6.5346413  6.1897340  6.7675853
   14.863  6.5376639  6.1984668  6.7696004
   15.244  6.5407982  6.2074041  6.7716966
   15.634  6.5440450  6.2165380  6.7738738
   16.034  6.5474024  6.2258577  6.7761326
   16.445  6.5508704  6.2353525  6.7784734
   16.866  6.5544472  6.2450109  6.7808948
   17.297  6.5581307  6.2548189  6.7833967
   17.740  6.5619183  6.2647629  6.7859774
   18.194  6.5658064  6.2740602  6.7886357
   18.660  6.5697918  6.2818198  6.7913690
   19.137  6.5738692  6.2896905  6.7941756
   19.627  6.5780344  6.2976594  6.7970524
   20.130  6.5822816  6.3057137  6.7999964
   20.645  6.5866046  6.3138394  6.8030038
   21.173  6.5909967  6.3220234  6.8060703
   21.715  6.5954518  6.3302507  6.8091922
   22.271  6.5999622  6.3385077  6.8123651
   22.841  6.6045213  6.3467808  6.8155837
   23.426  6.6091208  6.3550563  6.8188438
   24.025  6.6137547  6.3633223  6.8221397
   24.640  6.6184158  6.3715668  6.8254676
   25.271  6.6230974  6.3797798  6.8288221
   25.918  6.6277943  6.3879523  6.8321986
   26.581  6.6325002  6.3960772  6.8355932
   27.261  6.6372123  6.4041495  6.8390026
   27.959  6.6419272  6.4121661  6.8424230
   28.675  6.6466436  6.4201264  6.8458533
   29.409  6.6513605  6.4280329  6.8492913
   30.162  6.6560798  6.4358888  6.8527369
   30.934  6.6608038  6.4437022  6.8561907
   31.725  6.6655383  6.4514818  6.8596549
   32.537  6.6702890  6.4592414  6.8631330
   33.370  6.6750641  6.4669943  6.8666286
   34.224  6.6798744  6.4747577  6.8701487
   35.100  6.6847305  6.4825521  6.8737001
   35.999  6.6896458  6.4903965  6.8772912
   36.920  6.6946349  6.4983139  6.8809314
   37.865  6.6997123  6.5055790  6.8846326
   38.834  6.7048950  6.5129437  6.8884058
   39.828  6.7101989  6.5204425  6.8922639
   40.848  6.7156410  6.5280981  6.8962193
   41.893  6.7212372  6.5359311  6.9002862
   42.966  6.7270041  6.5439601  6.9044776
   44.065  6.7329564  6.5522041  6.9088068
   45.193  6.7391081  6.5606794  6.9132872
   46.350  6.7454710  6.5693984  6.9179306
   47.536  6.7520561  6.5783730  6.9227481
   48.753  6.7588725  6.5876117  6.9277506
   50.001  6.7659268  6.5971189  6.9329467
   51.281  6.7732239  6.6068978  6.9383445
   52.593  6.7807670  6.6169481  6.9439502
   53.939  6.7885556  6.6267047  6.9497681
   55.320  6.7965889  6.6347380  6.9558015
   56.736  6.8048639  6.6430130  6.9620528
   58.188  6.8133740  6.6515231  6.9685211
   59.678  6.8221130  6.6602621  6.9752059
   61.205  6.8310719  6.6692209  6.9821033
   62.772  6.8402400  6.6783895  6.9892097
   64.378  6.8496060  6.6877551  6.9965186
   66.026  6.8591566  6.6973057  7.0040240
   67.716  6.8688779  6.7070270  7.0117178
   69.449  6.8787537  6.7169032  7.0195899
   71.227  6.8887687  6.7269177  7.0276303
   73.050  6.8989058  6.7370548  7.0358281
   74.920  6.9091473  6.7472963  7.0441709
   76.837  6.9194751  6.7576241  7.0526457
   78.804  6.9298716  6.7680206  7.0612397
   80.821  6.9403172  6.7784667  7.0699377
   82.890  6.9507952  6.7889442  7.0787268
   85.012  6.9612870  6.7994361  7.0875916
   87.187  6.9717746  6.8099236  7.0965180
   89.419  6.9822416  6.8203907  7.1054916
   91.708  6.9926724  6.8308215  7.1144977
   94.055  7.0030508  6.8412004  7.1236005
   96.463  7.0133643  6.8515134  7.1338768
   98.932  7.0236001  6.8617492  7.1440792
  101.464  7.0337477  6.8718967  7.1541982
  104.061  7.0437975  6.8819466  7.1642246
  106.724  7.0537429  6.8918920  7.1741529
  109.456  7.0635796  6.9017286  7.1839795
  112.258  7.0733037  6.9114528  7.1937008
  115.131  7.0829153  6.9210649  7.2033181
  118.078  7.0924168  6.9305663  7.2128334
  121.100  7.1018119  6.9399433  7.2222509
  124.200  7.1111069  6.9490776  7.2315784
  127.379  7.1203113  6.9581294  7.2408247
  130.639  7.1294355  6.9671102  7.2500010
  133.983  7.1384931  6.9760356  7.2594886
  137.412  7.1474991  6.9849234  7.2691426
  140.929  7.1564698  6.9937906  7.2787495
  144.537  7.1654229  7.0026579  7.2883201
  148.236  7.1743774  7.0115457  7.2978663
  152.030  7.1833534  7.0204749  7.3074017
  155.922  7.1923695  7.0294662  7.3169379
  159.913  7.2014451  7.0385404  7.3264875
  164.006  7.2106004  7.0477171  7.3360639
  168.203  7.2198515  7.0570145  7.3456779
  172.509  7.2292156  7.0664492  7.3553414
  176.924  7.2387080  7.0760360  7.3650646
  181.453  7.2483397  7.0857863  7.3748560
  186.097  7.2581224  7.0957108  7.3847227
  190.861  7.2680640  7.1058154  7.3946719
  195.746  7.2781696  7.1161051  7.4047070
  200.756  7.2884417  7.1252975  7.4148321
  205.895  7.2988820  7.1336846  7.4250484
  211.164  7.3094864  7.1422296  7.4353552
  216.569  7.3202524  7.1509323  7.4457526
  222.113  7.3311729  7.1597891  7.4562373
  227.798  7.3422389  7.1687956  7.4668055
  233.628  7.3534408  7.1779447  7.4776459
  239.608  7.3647676  7.1872301  7.4891973
  245.741  7.3762069  7.1966429  7.5008626
  252.031  7.3877444  7.2061729  7.5126286
  258.482  7.3993683  7.2158108  7.5244803
  265.098  7.4110637  7.2255459  7.5364046
  271.883  7.4228168  7.2353663  7.5483871
  278.842  7.4346147  7.2452626  7.5604138
  285.980  7.4464455  7.2552242  7.5724730
  293.299  7.4582968  7.2652407  7.5845513
  300.807  7.4701576  7.2753024  7.5966387
  308.506  7.4820199  7.2854023  7.6087255
  316.403  7.4938745  7.2955327  7.6208029
  324.501  7.5057163  7.3056874  7.6328650
  332.807  7.5175414  7.3158631  7.6449075
  341.325  7.5293460  7.3260560  7.6569257
  350.062  7.5411296  7.3362656  7.6689200
  359.022  7.5528941  7.3464918  7.6808901
  368.211  7.5646415  7.3567376  7.6928387
  377.636  7.5763764  7.3670063  7.7047696
  387.302  7.5881047  7.3773026  7.7166877
  397.215  7.5998340  7.3876338  7.7286005
  407.382  7.6115713  7.3980064  7.7405148
  417.809  7.6233273  7.4084296  7.7524395
  428.504  7.6351109  7.4189129  7.7643847
  439.471  7.6469312  7.4294643  7.7763586
  450.720  7.6587982  7.4400940  7.7883706
  462.256  7.6707220  7.4508114  7.8004308
  474.088  7.6827102  7.4616246  7.8125458
  486.223  7.6947699  7.4725409  7.8247242
  498.668  7.7069077  7.4835677  7.8369722
  511.432  7.7191286  7.4947090  7.8492942
  524.522  7.7314353  7.5059700  7.8616934
  537.948  7.7438302  7.5173521  7.8741736
  551.717  7.7563124  7.5288558  7.8867331
  565.838  7.7688813  7.5404811  7.8993721
  580.321  7.7815332  7.5522246  7.9120879
  595.175  7.7942657  7.5640836  7.9248776
  610.409  7.8070722  7.5760527  7.9377360
  626.033  7.8199468  7.5881257  7.9506574
  642.057  7.8328843  7.6002975  7.9636374
  658.491  7.8458776  7.6125593  7.9766679
  675.345  7.8589191  7.6249051  7.9897428
  692.631  7.8720040  7.6373277  8.0028563
  710.359  7.8851247  7.6498179  8.0160007
  728.541  7.8982759  7.6623707  8.0291719
  747.189  7.9114532  7.6749787  8.0423632
  766.314  7.9246511  7.6876359  8.0555696
  785.928  7.9378672  7.7003369  8.0687876
  806.045  7.9510994  7.7130775  8.0820141
  826.676  7.9643450  7.7258534  8.0952444
  847.835  7.9776039  7.7386613  8.1084795
  869.537  7.9908772  7.7515001  8.1217175
  891.793  8.0041647  7.7643676  8.1349573
  914.619  8.0174685  7.7772632  8.1482010
  938.029  8.0307932  7.7901878  8.1614504
  962.039  8.0441408  7.8031435  8.1747074
  986.663  8.0575151  7.8161302  8.1879740
 1011.917  8.0709209  7.8291521  8.2012548
 1037.818  8.0843649  7.8422122  8.2145548
 1064.381  8.0978498  7.8553138  8.2278767
 1091.625  8.1113825  7.8684611  8.2412252
 1119.566  8.1249676  7.8816600  8.2546082
 1148.222  8.1386099  7.8949137  8.2680273
 1177.611  8.1523142  7.9082274  8.2814894
 1207.754  8.1660852  7.9216065  8.2949982
 1238.667  8.1799240  7.9350543  8.3085575
 1270.371  8.1938362  7.9485750  8.3221722
 1302.888  8.2078209  7.9621730  8.3358440
 1336.236  8.2218809  7.9758501  8.3495750
 1370.437  8.2360134  7.9896088  8.3633671
 1405.514  8.2502184  8.0034504  8.3772211
 1441.490  8.2644939  8.0173750  8.3911362
 1478.386  8.2788353  8.0313816  8.4051104
 1516.226  8.2932386  8.0454693  8.4191418
 1555.036  8.3076982  8.0596352  8.4332266
 1594.837  8.3222075  8.0738754  8.4473619
 1635.658  8.3367605  8.0881863  8.4615431
 1677.525  8.3513498  8.1025620  8.4757643
 1720.462  8.3659678  8.1169968  8.4900188
 1764.497  8.3806067  8.1314840  8.5043030
 1809.662  8.3952589  8.1460190  8.5186100
 1855.981  8.4099169  8.1605921  8.5329323
 1903.486  8.4245729  8.1751976  8.5472651
 1952.208  8.4392214  8.1898298  8.5616035
 2002.176  8.4538555  8.2044802  8.5759401
 2053.422  8.4684706  8.2191420  8.5902710
 2105.982  8.4830618  8.2338114  8.6045933
 2159.886  8.4976234  8.2484808  8.6189013
 2215.169  8.5121555  8.2631464  8.6331930
 2271.867  8.5266542  8.2778044  8.6474676
 2330.019  8.5411196  8.2924509  8.6620378
 2389.656  8.5555515  8.3070831  8.6768618
 2450.821  8.5699520  8.3217010  8.6918697
 2513.553  8.5843248  8.3363028  8.7069025
 2577.888  8.5986710  8.3508892  8.7219181
 2643.870  8.6129971  8.3654604  8.7370462
 2711.544  8.6273088  8.3800220  8.7525854
 2780.947  8.6416140  8.3945751  8.7683287
 2852.126  8.6559210  8.4091244  8.7840796
 2925.130  8.6702385  8.4236765  8.7998352
